1768131539884 0.0 0
1768131558627 0.0 1
1768131577050 0.0 2
1768131597760 0.0 3
1768131617135 0.0 4
1768131634695 0.0 5
1768131652228 0.0 6
1768131669616 0.0 7
1768131684099 0.0 8
1768131699984 0.0 9
1768131718096 0.0 10
1768131734074 0.0 11
1768131751079 0.0 12
1768131766627 0.0 13
1768131784398 0.0 14
1768131801061 0.0 15
1768131817650 0.0 16
1768131834195 0.0 17
1768131851637 0.0 18
1768131867133 0.0 19
1768131882514 0.0 20
1768131898652 0.0 21
1768131916471 0.0 22
1768131933648 0.0 23
1768131948713 0.0 24
1768131964867 0.0 25
1768131979631 0.0 26
1768131996100 0.0 27
1768132012054 0.0 28
1768132027066 0.0 29
1768132043482 0.0 30
1768132059983 0.0 31
1768132075806 0.0 32
1768132091138 0.0 33
1768132106753 0.0 34
1768132123321 0.0 35
1768132140172 0.0 36
1768132158117 0.0 37
1768132174013 0.0 38
1768132189543 0.0 39
1768132206016 0.0006 40
1768132222406 0.0006 41
1768132238411 0.0006 42
1768132253849 0.00279 43
1768132269100 0.00279 44
1768132284351 0.00279 45
1768132300667 0.00931 46
1768132318174 0.00931 47
1768132332955 0.01027 48
1768132350092 0.01027 49
1768132367598 0.01027 50
1768132383763 0.00954 51
1768132400167 0.00954 52
1768132415303 0.00954 53
1768132430952 0.0102 54
1768132446939 0.0102 55
1768132462318 0.01112 56
1768132477794 0.01112 57
1768132492243 0.01112 58
1768132508684 0.01143 59
1768132524591 0.01143 60
1768132540003 0.01143 61
1768132549546 0.009340804502960532 61
