1768131533042 2.56e-06 0
1768131552196 6.336639999999999e-06 1
1768131570900 1.0037247999999999e-05 2
1768131590524 1.3661823999999997e-05 3
1768131611353 1.7210368e-05 4
1768131628431 2.068288e-05 5
1768131646209 2.407936e-05 6
1768131664013 2.7399807999999997e-05 7
1768131678492 3.0644224e-05 8
1768131694527 3.3812608000000004e-05 9
1768131711711 3.6904960000000004e-05 10
1768131728453 3.992128e-05 11
1768131745121 4.2861568e-05 12
1768131760969 4.5725824e-05 13
1768131777980 4.8514047999999995e-05 14
1768131795470 5.1226240000000004e-05 15
1768131811863 5.386240000000001e-05 16
1768131827932 5.6422527999999994e-05 17
1768131845382 5.8906623999999995e-05 18
1768131861399 6.1314688e-05 19
1768131877171 6.364672e-05 20
1768131892494 6.590272e-05 21
1768131910718 6.8082688e-05 22
1768131928176 7.018662400000001e-05 23
1768131943298 7.221452799999999e-05 24
1768131959314 7.41664e-05 25
1768131974269 7.604224e-05 26
1768131990257 7.7842048e-05 27
1768132006716 7.9565824e-05 28
1768132021413 8.121356799999999e-05 29
1768132038152 8.278528e-05 30
1768132054259 8.428095999999999e-05 31
1768132069915 8.570060799999998e-05 32
1768132085715 8.618239999999998e-05 33
1768132101224 8.491519999999998e-05 34
1768132118176 8.3648e-05 35
1768132135202 8.238080000000001e-05 36
1768132152583 8.11136e-05 37
1768132168536 7.98464e-05 38
1768132183886 7.85792e-05 39
1768132199523 7.7312e-05 40
1768132216831 7.604480000000001e-05 41
1768132232781 7.477760000000001e-05 42
1768132247994 7.351040000000001e-05 43
1768132263470 7.224319999999999e-05 44
1768132278778 7.097599999999999e-05 45
1768132295311 6.97088e-05 46
1768132311539 6.84416e-05 47
1768132327469 6.71744e-05 48
1768132344708 6.59072e-05 49
1768132361756 6.463999999999999e-05 50
1768132377842 6.337279999999999e-05 51
1768132394867 6.210559999999999e-05 52
1768132409885 6.08384e-05 53
1768132424980 5.9571199999999996e-05 54
1768132440892 5.830399999999999e-05 55
1768132457155 5.703679999999999e-05 56
1768132472232 5.57696e-05 57
1768132486824 5.450240000000001e-05 58
1768132502428 5.32352e-05 59
1768132519266 5.1968e-05 60
1768132534564 5.07008e-05 61
