1768131533042 4.15409 0
1768131552196 4.19609 1
1768131570900 4.25674 2
1768131590524 4.18909 3
1768131611353 4.17486 4
1768131628431 4.14352 5
1768131646209 3.90925 6
1768131664013 3.92392 7
1768131678492 3.9088 8
1768131694527 3.81848 9
1768131711711 4.091 10
1768131728453 3.85697 11
1768131745121 3.6706 12
1768131760969 3.77606 13
1768131777980 3.71333 14
1768131795470 3.71322 15
1768131811863 3.72356 16
1768131827932 3.69341 17
1768131845382 3.9805 18
1768131861399 3.63499 19
1768131877171 3.92361 20
1768131892494 3.90596 21
1768131910718 3.7645 22
1768131928176 4.08333 23
1768131943298 3.93121 24
1768131959314 3.83804 25
1768131974269 3.78204 26
1768131990257 3.85892 27
1768132006716 3.89367 28
1768132021413 3.72691 29
1768132038152 3.91169 30
1768132054259 3.81323 31
1768132069915 3.88295 32
1768132085715 3.72878 33
1768132101224 3.97848 34
1768132118176 3.80456 35
1768132135202 3.70981 36
1768132152583 3.80425 37
1768132168536 3.72125 38
1768132183886 3.78982 39
1768132199523 3.84085 40
1768132216831 3.81219 41
1768132232781 3.69053 42
1768132247994 3.68925 43
1768132263470 3.56016 44
1768132278778 3.74053 45
1768132295311 3.60466 46
1768132311539 3.7764 47
1768132327469 3.70381 48
1768132344708 3.59101 49
1768132361756 3.99075 50
1768132377842 3.78828 51
1768132394867 3.51661 52
1768132409885 3.72683 53
1768132424980 3.64551 54
1768132440892 3.56965 55
1768132457155 3.75998 56
1768132472232 3.66239 57
1768132486824 3.50222 58
1768132502428 3.64602 59
1768132519266 3.60569 60
1768132534564 3.68331 61
