1768131533042 5.9698 0
1768131552196 5.91108 1
1768131570900 6.02532 2
1768131590524 5.96229 3
1768131611353 5.95038 4
1768131628431 5.92483 5
1768131646209 5.8745 6
1768131664013 5.80546 7
1768131678492 5.82977 8
1768131694527 5.75828 9
1768131711711 5.77815 10
1768131728453 5.7384 11
1768131745121 5.72331 12
1768131760969 5.72697 13
1768131777980 5.69557 14
1768131795470 5.66525 15
1768131811863 5.66251 16
1768131827932 5.62483 17
1768131845382 5.73022 18
1768131861399 5.60692 19
1768131877171 5.63385 20
1768131892494 5.63587 21
1768131910718 5.58802 22
1768131928176 5.62103 23
1768131943298 5.57918 24
1768131959314 5.56858 25
1768131974269 5.51588 26
1768131990257 5.50768 27
1768132006716 5.50335 28
1768132021413 5.47573 29
1768132038152 5.4591 30
1768132054259 5.45499 31
1768132069915 5.4443 32
1768132085715 5.35179 33
1768132101224 5.43421 34
1768132118176 5.39319 35
1768132135202 5.3335 36
1768132152583 5.37091 37
1768132168536 5.31309 38
1768132183886 5.31287 39
1768132199523 5.33912 40
1768132216831 5.24445 41
1768132232781 5.2607 42
1768132247994 5.23486 43
1768132263470 5.20822 44
1768132278778 5.21926 45
1768132295311 5.20283 46
1768132311539 5.19846 47
1768132327469 5.17254 48
1768132344708 5.10742 49
1768132361756 5.16732 50
1768132377842 5.14931 51
1768132394867 5.05865 52
1768132409885 5.10827 53
1768132424980 5.05495 54
1768132440892 5.03323 55
1768132457155 5.08106 56
1768132472232 5.00215 57
1768132486824 5.00851 58
1768132502428 4.9874 59
1768132519266 4.95332 60
1768132534564 4.99268 61
