1768131533042 1.78824 0
1768131552196 1.7555 1
1768131570900 1.84406 2
1768131590524 1.75145 3
1768131611353 1.78131 4
1768131628431 1.75312 5
1768131646209 1.61091 6
1768131664013 1.56035 7
1768131678492 1.5211 8
1768131694527 1.51211 9
1768131711711 1.52657 10
1768131728453 1.4043 11
1768131745121 1.43809 12
1768131760969 1.42003 13
1768131777980 1.35989 14
1768131795470 1.36033 15
1768131811863 1.34028 16
1768131827932 1.30674 17
1768131845382 1.37696 18
1768131861399 1.26157 19
1768131877171 1.28085 20
1768131892494 1.26941 21
1768131910718 1.25023 22
1768131928176 1.25741 23
1768131943298 1.25998 24
1768131959314 1.22537 25
1768131974269 1.19056 26
1768131990257 1.19523 27
1768132006716 1.21403 28
1768132021413 1.18422 29
1768132038152 1.20877 30
1768132054259 1.16645 31
1768132069915 1.17961 32
1768132085715 1.16558 33
1768132101224 1.17902 34
1768132118176 1.1515 35
1768132135202 1.15561 36
1768132152583 1.17299 37
1768132168536 1.15636 38
1768132183886 1.17848 39
1768132199523 1.14491 40
1768132216831 1.13967 41
1768132232781 1.15001 42
1768132247994 1.13106 43
1768132263470 1.11937 44
1768132278778 1.1166 45
1768132295311 1.13886 46
1768132311539 1.13474 47
1768132327469 1.1151 48
1768132344708 1.10914 49
1768132361756 1.12431 50
1768132377842 1.11202 51
1768132394867 1.09582 52
1768132409885 1.10253 53
1768132424980 1.10239 54
1768132440892 1.11593 55
1768132457155 1.11616 56
1768132472232 1.08643 57
1768132486824 1.08922 58
1768132502428 1.1085 59
1768132519266 1.07866 60
1768132534564 1.10859 61
